10009
6027
4701
4472
978
1593
6028
578
4216
7149
4564
4702
8011
6591
366
7156
6355
8356
5757
7344
4473
979
9839
1594
6500
4728
1958
7547
3503
6029
579
2772
4217
3806
6820
7150
7081
8583
6643
4565
4703
8012
4825
6592
1760
4058
367
3160
7403
5240
8330
7157
1195
4984
3100
174
1417
8148
2549
8319
7954
9176
9181
6356
3788
7529
9709
5858
4241
3608
1685
5372
8357
3192
2625
1610
5652
8648
9940
3272
1584
6043
4947
5632
5894
1734
5758
7345
4714
2108
3780
9063
2382
9486
1001
9691
4474
2056
6900
5462
7427
36
1371
8946
2996
4427
2878
3359
429
126
9745
1646
8005
9263
682
2613
980
3960
870
1839
9840
1570
7866
1595
4967
6501
4729
8132
6065
1959
7548
3704
3504
1024
6002
7411
6030
9017
580
7358
8618
29
2773
5025
9283
6489
8482
4218
7845
3427
3448
9946
171
9706
1607
1144
4419
4434
5486
3807
6821
7151
7830
2327
7082
9662
8584
6644
7859
888
143
3196
4566
9879
4704
8501
8013
508
7303
6864
1400
4885
6789
1203
4826
1232
4589
2021
9249
402
1367
2168
8179
77
9964
6055
7817
4936
6408
1565
9670
9523
4206
59
3857
7250
1912
2080
6316
2639
3487
2284
5823
6593
1761
2629
6195
4059
368
649
3161
1656
5294
2
279
6605
7404
5241
1014
4844
2446
2809
9572
4385
8625
8559
6285
2424
8331
5580
7333
7158
1196
3521
4985
8694
3101
175
2936
5622
1717
1112
1602
2926
9358
1418
8709
4961
9827
4086
8149
2680
2550
3348
1560
1147
1255
8320
7955
6162
3845
100
9177
1140
9901
9182
5089
8052
2029
5354
800
6357
5703
7753
7449
6915
3952
3789
9892
7763
7530
2297
3618
9626
4169
8348
2620
9710
3985
5859
585
8836
8488
4242
2217
4362
1394
7773
6022
3609
3965
1686
1885
5373
8358
7618
9905
1054
3193
1364
2626
9400
3740
1611
4142
898
2470
9924
8866
5653
1068
5065
3590
9403
5572
6857
8649
7651
569
3729
5746
7007
391
9941
3415
7743
8918
1481
9225
1789
1154
3273
449
4422
293
8549
9186
2312
2867
1585
6044
8765
1576
9715
7572
2015
7049
386
6099
8642
4948
549
3603
9931
8259
8973
4612
5633
5895
2782
542
9799
6048
5957
1735
4410
642
8074
3743
3176
5437
5759
6474
5264
9169
8555
2264
7704
4437
2201
7346
4715
7564
3579
723
2890
4630
2268
3537
8443
7505
8107
2109
5318
3781
875
4201
8532
9064
8454
1860
2383
242
7511
130
9487
7169
8769
7352
1002
8572
6541
9692
8705
2293
628
4475
7540
4689
120
2057
6901
180
8376
5463
3321
7428
37
6309
9421
9635
3233
6188
702
2978
9550
6080
7993
1372
8947
2997
632
1873
4428
1410
1034
2879
690
376
1618
3936
7696
8367
1436
3360
430
1757
9824
1137
127
7522
5014
5562
9746
3822
5697
1647
4097
9819
3006
4303
6206
966
1220
7207
1100
5489
8006
9264
683
6328
4277
2614
4873
7708
9341
6336
1898
2832
1996
5831
981
7525
3961
871
1614
1840
21
4145
9841
2178
1571
8758
901
7867
1596
2434
2473
3111
4968
6502
4785
7363
3810
4730
5686
3011
6256
7939
6836
4109
7039
9534
3051
8335
6653
3833
5726
3875
8133
3483
9927
5941
6705
476
4741
6066
6831
1960
3686
9443
6179
8635
3473
7549
9598
6214
8655
7905
1641
7900
1922
1162
8869
4392
3705
3505
3999
9232
8158
1025
6610
6003
7412
4487
9409
6824
8202
6031
4315
1262
9018
581
7003
116
1030
7359
8619
1796
216
6243
7028
4345
2561
5656
3723
6796
6280
1666
30
8495
5038
2774
5026
9284
8537
6490
1043
5584
8483
5208
1071
4219
7846
4187
3428
274
3449
5304
2672
5549
9947
7154
7401
172
9707
1683
1608
8944
4417
2078
5821
5292
8623
8692
1145
6160
2027
3950
1052
8864
1066
5570
1479
1787
4420
8763
8971
4408
9167
4435
7562
3231
5012
9817
5487
5829
3808
6651
3684
6822
214
2670
7152
1050
5568
1477
1785
7831
5496
2358
2328
9868
7083
1324
3083
9663
7136
2172
8585
7833
7593
2487
928
6444
1965
8282
6645
7860
889
4228
2037
9730
144
3511
973
3197
8142
2895
4751
4067
1284
9216
1809
6150
5350
4567
5498
7272
8679
7690
996
1834
9880
4705
5783
5275
5360
8461
1384
8502
439
9458
2360
8014
2330
9870
7085
2931
8277
8436
509
7304
6615
5430
6865
5068
1463
4608
1401
5555
3593
5945
4886
5230
6790
1204
5599
1405
5475
2338
596
8932
2519
8957
6709
9468
1326
480
4827
1233
3045
3085
3384
8750
4590
2662
9665
3735
2022
4497
9250
403
1970
2125
7146
1192
1368
446
5559
9406
2169
7687
3381
2659
8180
7578
78
9752
4380
7138
9965
6056
2254
8521
1336
7818
6583
4937
838
1353
5510
6945
6409
3392
3071
1566
2174
9671
5468
934
9524
9675
3140
6756
4207
60
5915
8587
8663
1296
3207
3858
8895
95
7251
1913
6292
7835
853
5617
8272
463
2081
4479
6317
2640
5456
3488
4535
3092
4571
4976
2285
8723
862
5887
5824
5528
6594
1762
2630
6750
6196
4060
7185
9655
4326
3597
1125
369
4850
650
7595
2489
6121
4467
5575
923
3162
2949
8988
1345
9192
1657
6510
5295
5017
2729
3
4020
3881
298
280
6860
7769
8631
6606
930
8782
4259
7405
9100
4721
5647
503
6446
2151
912
5242
7674
3763
1015
7806
9073
517
4845
6429
2447
1527
2810
9573
2719
2861
4386
312
8626
5381
7607
8560
6286
2794
2652
8963
6969
4815
2425
9363
4561
2546
7424
7856
4841
1109
8256
2198
8451
6185
2975
8332
3480
8652
6240
5581
1680
5009
5565
1967
9749
7671
7668
7334
5093
8284
7159
268
1197
3522
8056
4577
9857
8183
8786
4986
6304
6379
7883
846
8695
9304
3102
9089
176
6647
5107
2969
5517
1800
6135
220
7965
3825
4263
2816
2937
2006
5539
6571
2750
7517
8475
3370
8342
4624
4599
43
945
6247
53
6524
1519
1629
6803
5111
7654
5623
2702
1718
3800
2788
1113
1927
9269
1580
7862
1603
4299
6156
2927
4016
9359
3154
3063
4441
1249
1419
8710
4962
9828
891
4790
356
4087
572
8127
8397
8150
8083
2681
906
2066
3561
255
4230
2212
2551
7924
3754
7581
3349
2039
9732
9059
167
1561
3575
1992
1148
6813
4449
5523
9773
146
1256
8321
1084
954
9318
7368
5970
6091
3513
7956
2225
7337
7195
676
6163
2823
3846
101
975
7544
9178
3445
1141
2281
5700
9902
9183
8529
2558
5472
3732
5090
8053
2030
5749
5355
9117
5341
4180
9381
715
4997
471
801
2602
3199
7018
5312
7800
3748
9207
6170
4954
8144
7826
1390
1432
5288
4620
9277
2512
2131
7391
2963
9779
6358
6086
6451
5704
4117
4693
7754
9291
81
788
7450
5852
6916
1315
3953
2507
4074
487
3123
1446
3790
2897
9893
1776
5949
7764
5713
5096
7531
2399
2298
4335
3619
338
1650
9627
8819
4170
3691
8349
2621
9711
2033
3986
4753
8287
5860
4546
9241
4921
6700
9032
5923
9755
586
4653
8837
8489
4243
3258
6264
153
2218
4069
7256
4363
3904
204
5401
1286
7728
7010
7162
8426
2590
9614
5054
6008
5752
1395
8730
9218
394
7774
8402
5773
1811
5044
610
7489
6023
6520
6152
5284
9719
3610
8190
3966
1687
4890
3568
7288
5443
3267
6434
1886
5374
5480
8359
5142
9885
3250
5875
7032
4100
7619
5718
3630
1844
6776
7055
4583
9906
5665
9501
1055
8227
4823
3158
9938
124
7409
9281
9944
9660
3194
1365
75
9521
3855
2627
0
4383
5352
9624
9401
1152
7570
3741
6472
8441
8703
626
688
3934
9822
1612
4143
899
2471
3009
9925
8867
5654
1069
6442
1832
5358
5066
1461
4606
3591
9404
7576
8519
836
4569
5573
921
6858
4257
7422
2973
8650
7666
4575
9302
8340
7652
3798
570
5521
2556
3730
5747
7008
392
5282
8225
9942
7420
8238
3416
814
7929
8240
3135
7744
4306
8919
2914
5500
2061
6695
1482
3418
8466
7274
9226
1790
2581
2374
1155
4528
8681
7141
8890
1512
3274
422
9540
450
4423
7692
3067
294
6567
9314
765
1172
3456
5737
816
1544
4079
1705
1184
7931
8550
9187
5122
2313
4635
8601
8744
9120
6871
2868
7102
1586
2463
8242
6923
9968
4914
5629
998
1836
4166
3412
6045
8766
271
1474
8929
2516
3137
7182
1577
8816
5398
9716
9882
7573
4911
7889
7981
7477
6059
9139
2016
7050
9297
7123
5839
4668
4707
5785
8981
8209
387
6146
4445
7746
2257
8524
5101
5344
6996
9037
3058
6467
1167
1747
6100
2097
6481
7437
8643
1804
6940
263
4949
4906
4308
550
7911
8672
3604
25
7896
8953
5643
9620
7892
1487
9932
4053
5277
8260
8974
4613
2741
5634
5896
3716
8921
2343
6895
6209
2783
543
3439
2765
3815
9800
5178
6049
2916
7112
4867
5958
9916
1736
7661
4411
8064
4291
9159
643
2696
3990
7984
9684
8075
4980
2483
969
6746
6117
9096
352
3744
5848
4331
5362
9477
560
3177
8113
5438
6956
7918
2239
6621
5760
7322
5502
5129
4509
991
5674
806
9786
769
6475
5154
5265
2452
5934
535
4193
9170
9836
2875
1200
8556
7330
2923
7750
4359
290
2265
1097
7705
6333
942
1626
4438
2063
9204
6697
6439
8463
1471
1484
3436
5845
5234
5083
9153
2202
7347
4716
7565
3420
4681
6739
8265
8468
7276
6400
6763
5996
7480
3580
6658
1891
87
724
9228
1792
1062
2891
1386
4631
938
9393
7130
1339
2269
2988
9604
6781
5679
3538
8444
1359
7506
8108
2573
1941
3865
4149
4859
4762
2110
7644
5319
2156
3782
876
9807
138
2541
7821
7283
7232
9104
8504
9723
6679
4202
2289
8533
4183
7682
7877
3327
9065
2321
8455
1861
7220
9384
795
5200
2583
2384
8100
243
441
7587
9460
2498
9528
4745
6733
2362
65
8874
7841
3614
4138
6236
2910
1180
5196
5386
7945
754
5608
8735
7512
5390
8016
1223
131
9350
4349
777
2376
8798
2135
7949
1157
4530
9679
4757
9488
1242
3525
7170
2332
7637
3892
6980
9872
8770
7087
7353
8059
1003
304
1978
8573
6542
8683
4520
9693
3302
5237
6062
8176
9961
1011
2933
8706
5086
2294
9397
6077
629
3830
2075
8279
9213
9455
7143
8892
4476
859
7541
4690
8727
4580
121
8438
7417
2058
1744
9156
9201
9958
6902
6586
2958
5366
511
181
7306
9860
8377
9415
327
8070
5464
3759
8186
6617
9052
9555
6630
1514
3322
7429
9974
6384
8194
7376
38
6231
9448
6310
9422
8165
9636
8789
4895
5432
2565
3234
4282
6189
7395
5327
703
3276
2979
3355
6867
9551
5928
5070
6081
7994
5189
110
6905
2393
4798
9586
424
718
9852
7261
497
1373
5866
9542
1491
8948
3972
7210
1465
2205
9001
1103
3977
5000
821
2998
633
866
5492
1176
452
1874
4429
9148
1411
7999
1035
2880
691
9845
6961
9142
758
377
1619
7202
5660
3144
3937
4989
7697
8291
8368
6070
3340
1437
3361
4804
7266
6456
4940
431
1591
8009
6589
8581
1758
4425
2611
8480
3425
9704
2019
9570
9825
1253
1138
5063
567
3727
9223
4610
128
7350
6307
1871
7694
4275
7523
2432
5939
474
6794
8942
7134
4226
1403
5557
3069
8721
3595
1343
5015
296
4719
5379
4813
5563
9747
2967
3823
6569
9267
9316
5698
469
2961
786
5947
1648
3256
5771
4888
3265
5873
4098
7053
9499
9936
7568
686
9820
3007
919
4255
9300
8223
812
4304
3714
6207
7659
967
7320
5127
804
767
5932
6331
5232
7128
1939
4857
5194
5606
1221
9348
9199
2956
6382
4280
5864
3970
7208
1101
5490
1174
7200
8007
3423
6792
9265
9497
684
7318
6329
7126
4278
2405
3168
3217
3458
9481
2615
841
4874
227
7709
9342
2182
6337
1206
5804
2605
6720
3202
5601
3639
1899
5908
6108
2407
4550
5739
2833
456
3170
5902
4368
524
9579
4684
3219
9131
1997
5832
3909
3460
4156
982
6817
7526
5369
9483
2617
3962
2261
3534
872
1407
1615
3108
5272
9652
514
8253
843
9056
5477
1841
7886
7474
6143
22
2340
2693
9783
5842
5080
6760
1356
4146
2318
818
9842
564
2179
7237
6372
7063
7240
1546
4876
9245
1572
8759
849
8778
5513
902
4081
7868
3665
1707
1597
184
1768
6671
598
2435
1186
198
9008
659
2474
229
7711
2368
3112
7735
1905
4969
3334
6503
1671
8934
4925
2521
5260
6202
4781
8959
4786
7364
3811
6742
8172
9344
1987
4731
6362
5687
2184
8092
3012
1423
5881
6257
9760
6339
7940
6711
6837
7933
604
1699
4110
6848
9470
1208
7040
7074
5612
9535
7309
3052
5806
1328
8714
1691
210
6375
3150
6516
9517
8336
6654
2607
5767
3834
4736
2119
5727
7612
2855
3876
482
492
193
8134
6722
3838
9111
4829
2232
2089
734
8698
4663
7629
1235
3500
9014
3484
9928
8552
5205
5546
3681
5942
6706
477
3378
3204
9189
50
8124
673
7486
3132
5395
4506
4742
1008
6067
5124
5603
2315
7060
9514
3375
6948
6393
1119
2687
4637
3641
4671
6639
4710
7536
6832
3047
1961
8268
8471
5709
3687
9444
6139
1901
9863
5910
3087
6180
621
8636
3386
3474
5797
9326
3224
8752
7066
3552
7550
5788
6951
9599
4453
9559
5812
6215
8609
8656
3032
6110
7906
2050
8603
1275
8417
6880
3024
2409
6037
3181
5412
4552
1642
7901
1918
8746
8984
1923
1163
7279
8870
9048
4393
4397
7021
9307
3706
5741
3506
2835
4401
4644
4592
4000
4461
9233
8046
8853
458
9122
1538
2530
882
8159
6873
2805
3172
3871
1026
6611
6004
1508
6396
7413
7314
5904
4502
4488
9410
4370
6825
9643
8380
8212
8203
6403
2870
6032
2800
2664
5218
6421
526
4316
5074
7243
1549
3918
4492
4375
9581
1532
8117
9991
6553
6766
7104
8301
1263
9019
4725
5891
5999
9667
2421
3345
582
3737
7004
5315
4686
117
9418
1031
963
7360
7025
8620
2024
8139
1122
2946
7803
1797
217
6244
6800
4013
3751
2599
5920
7725
7029
2578
419
9311
7099
7978
4346
9210
2562
5657
1588
3724
224
3105
2690
6845
2116
7626
7483
3221
3549
4458
4499
6797
4010
1878
3583
6347
6661
6281
1881
2250
9954
3710
1667
189
669
4640
31
8496
5039
9133
2775
5027
1999
9285
8022
4042
3405
8538
5834
6634
4879
6491
4211
2465
3675
1817
1044
830
3911
6412
5585
2273
8484
3586
1894
4251
3118
5209
8902
8244
6350
3462
4158
1072
6173
4220
9252
7847
3644
1946
90
4188
6664
3429
727
405
3395
1972
3659
6560
3650
6925
2992
275
4957
1856
2127
6936
9092
9970
8219
8297
3450
984
5305
3074
7783
9333
7716
4674
5594
4916
8739
330
2673
5550
6367
9948
3467
7969
4700
7148
7155
2771
6819
6642
4057
7402
1194
173
1416
8147
7528
9708
1684
5371
1609
5651
5631
1733
4713
9485
1000
2055
35
1370
8945
8004
9262
681
1838
1569
4966
4418
4433
7829
8500
507
4588
9248
401
7816
4935
7249
2079
5822
5293
8624
6284
8693
9357
4085
1146
6161
9900
2028
7448
3951
4168
8347
2619
3984
1393
3964
1884
1053
9923
8865
1067
5571
6856
5745
390
3414
8917
1480
1788
448
4421
8548
8764
1575
2014
6098
8641
548
3602
8972
2781
9798
6047
4409
641
8073
9168
2263
4436
7563
4629
3536
874
241
8768
8571
7539
179
9634
3232
1409
1617
1435
5013
5561
9818
1219
5488
9340
2831
5830
2177
3110
3809
6835
7038
3050
6652
5725
6704
4740
6830
3685
9442
1640
9231
9408
6823
4314
115
1795
215
273
2671
7153
4416
5291
8691
3949
1051
1065
5569
1478
1786
8762
4407
5828
6650
2669
1476
9867
1323
3082
2171
7832
7592
1964
3510
2894
4066
1283
6149
5497
8678
7689
5782
5274
1383
438
2359
2329
9869
7084
5229
8931
2518
1325
3084
3383
2661
9664
2124
7686
2658
7137
2253
1335
6582
3391
2173
5467
9674
3139
5914
8586
8662
7834
852
8271
3091
5527
7184
9654
7594
2488
4466
6509
2728
929
8781
502
6445
2150
3762
9072
516
6428
311
2651
4840
8255
2197
6184
3479
1679
1966
8283
8182
7882
845
9088
6646
5516
2815
5538
7516
8474
3369
4623
1518
5110
1579
7861
4298
890
8082
905
4229
2211
7923
7580
2038
9731
9058
3574
1991
4448
9772
145
1083
6090
3512
7194
2822
974
3444
8528
5471
714
4996
3198
6169
8143
1389
1431
9276
7390
9778
6085
6450
4116
80
2506
3122
2896
1775
5712
8818
3690
4752
9031
9754
4652
4068
5400
1285
2589
9613
5053
9217
1810
5043
6151
9718
8189
5442
5479
9884
1843
9280
74
4382
5351
625
1831
4605
7575
4568
2972
5520
5281
8237
5499
7273
2373
8680
7140
7691
764
3455
5736
4634
6922
9967
4913
5628
997
1835
8928
2515
9881
7888
7476
6058
9138
4706
5784
8980
6145
2256
8523
9036
6466
7436
1803
262
24
7891
4052
5276
2740
2342
2695
7983
2482
5361
9476
559
6620
990
5673
9785
9835
7749
941
8462
5844
5082
9152
8264
6762
5995
7479
1385
937
1338
1358
4148
2155
137
7820
8503
7681
3326
2320
8099
440
7586
9459
2497
9527
2361
64
8015
2134
9678
2331
7636
9871
7086
6061
2932
9396
3829
2074
8278
8437
9957
6585
510
7305
9414
8069
6616
9447
4894
5431
7394
5326
3354
6866
5927
5069
109
4797
1464
9000
820
7998
9844
6960
9141
3143
6455
4939
2018
5062
566
4609
8941
7133
1402
5556
8720
3594
1342
2966
468
785
5946
4887
7052
9299
811
3713
5231
5193
2955
6791
9496
7125
2404
3167
3216
840
2181
1205
5803
6719
5600
3638
523
9578
9130
4155
2260
1406
8252
9055
5476
7473
6142
2339
9782
5841
6759
1355
7239
8777
5512
6670
597
658
1904
3333
1670
8933
2520
5259
4780
8958
6361
9759
6710
1698
9469
7073
1327
209
6374
3149
4735
2854
481
192
9110
4828
2088
1234
5545
49
672
5394
6947
4670
4709
3046
5708
6138
3086
3385
5796
8751
7065
5787
9558
8608
1274
8983
9047
4643
4591
8852
1537
3870
1507
8211
2663
5217
6420
7242
1548
4374
9666
2420
3736
2023
2945
2598
5919
7977
223
4498
9953
668
8021
6633
4878
4210
6411
2272
3117
9251
404
3394
1971
3658
2991
1855
2126
6935
3073
7782
9332
6366
7968
7147
2770
1193
1415
34
1369
8003
1568
8499
9247
4934
9356
4084
3983
6855
389
447
8547
1574
6097
8640
2780
9797
9633
5560
2176
6829
9441
9407
4313
114
8761
9866
3081
2170
6148
7688
3382
2660
2123
6581
3390
9673
5913
851
3090
2727
8780
9071
310
6183
3478
1678
8181
7881
9087
5515
3368
1517
4297
904
7922
7579
3573
4447
6089
8527
5470
713
6168
9777
79
2505
9753
2588
5042
4381
624
1830
4604
7139
3454
9966
6057
9137
8979
2255
8522
6465
989
9834
7748
936
1337
7819
7680
3325
9526
63
9677
7635
3828
2073
6584
3142
6454
4938
8940
784
2954
839
5802
6718
3637
4154
2259
7472
6758
1354
5511
6669
657
3332
4779
1697
9109
2087
48
6946
5707
5216
6419
5918
667
8020
4209
6410
3393
3072
7781
9331
1567
4083
6096
8639
2779
2175
3080
6580
3389
9672
9070
309
3477
9086
4296
3572
8526
5469
9136
8978
988
9833
935
9525
62
9676
7634
2072
3141
5801
6717
6757
3331
2086
5917
4208
9330
2778
9069
9085
9832
61
5800
6716
5916
9329
3942
3943
7789
8588
321
8411
2243
1227
7227
3944
5731
7790
1454
8589
9607
5406
8664
1297
3208
7215
322
8412
3859
8896
590
2244
8993
1228
96
3227
5452
5103
7252
7228
1914
3945
5732
7870
7791
1455
2848
8590
3667
6293
7836
854
9608
3315
2353
3019
5407
4120
7292
8665
1298
3209
5030
8315
5618
5346
8273
2002
7216
323
8413
4696
7432
464
2082
4480
6318
1130
6784
3860
8897
5171
8039
2641
5457
6998
591
3297
2245
3489
4536
8994
4266
7757
3093
1709
9039
6497
8327
1229
1599
97
7740
8755
8155
4484
3228
5427
9465
5453
5006
5104
3060
335
150
7253
6469
4572
1169
7179
9294
4977
84
2570
7229
2286
7874
8724
863
916
1915
5888
186
3946
5825
1280
2648
5535
2819
5733
9493
9127
9438
2724
3312
7871
5532
5529
6595
5246
1749
2458
6625
1763
2631
7792
2839
6751
1456
6197
2045
4061
1770
2849
7186
8591
6673
6102
4128
3668
6294
1556
9656
4327
791
7837
855
600
3598
9609
1126
2437
370
2441
2940
7453
6322
4851
651
7596
3316
347
6598
2490
7464
6122
4468
5576
5682
2354
924
1188
1442
200
9010
3020
5408
9027
3163
7069
2950
8989
1346
3555
9193
661
5984
9738
1658
2476
9428
4121
6511
2009
5296
3541
5018
8845
2099
7293
7553
6483
8666
8804
2730
1299
4
4657
4021
3882
7439
299
9647
1214
5979
231
6727
281
9977
5691
3210
5031
8316
5855
8645
6861
3518
5619
7770
895
8632
6607
6277
5301
1806
5347
8274
1350
6942
931
1293
265
8783
4260
2003
9378
5309
4951
9288
9238
7406
4163
4908
9101
7217
324
1868
8414
4722
3546
7713
4697
5648
504
2147
6447
2370
6919
7433
2152
4794
465
5542
3114
4310
2083
7737
4481
913
5243
6319
6688
552
8811
7675
3764
1016
9791
6574
7807
9074
1907
4971
7913
518
5791
1131
2903
5249
5333
6785
4846
8447
7961
6430
6691
2448
1093
3861
3336
1528
8898
8674
6505
2811
555
9574
9434
2720
8841
2759
5172
8025
6017
2307
2862
4387
1673
8040
6387
2642
4045
1752
8197
1318
6909
313
5458
3956
6999
1039
592
8627
3408
5382
3298
7608
617
2246
8936
8384
8388
3490
8561
4537
6287
2795
8995
2753
4927
4267
4036
14
7758
2653
8964
2523
7379
8541
3038
6970
4816
3094
2426
1710
6224
9040
9364
4562
6498
8328
2547
3606
3778
7425
27
5023
2325
7857
1230
6603
4842
1110
1600
3843
98
8834
7616
1362
7741
7047
8257
5262
2199
8452
7509
6186
2976
8365
7520
3820
6204
8756
4783
8333
3481
8653
7898
3997
8156
4485
1260
6241
8493
5582
1681
8969
3229
5010
5566
8459
8434
5428
8955
9466
1968
9750
5454
5645
7672
8961
5007
7669
5105
41
3061
1247
4788
8395
3559
165
6811
7366
7335
4178
2510
5094
2397
336
8285
151
7254
7160
9622
6470
8517
4573
1170
4077
2461
269
7180
8814
9295
7121
5837
6994
7894
3813
4978
6744
8111
6954
1198
288
3434
85
9602
2571
7230
2287
7875
6234
3523
8057
4518
8174
8725
4578
9858
8184
6628
8787
5187
1489
864
4987
4802
8478
6305
4811
9934
917
1937
9346
9197
6380
7884
847
1766
490
732
8696
8122
3373
6637
1916
9305
2528
5889
2576
3103
4456
187
3403
1944
9090
4055
399
8345
4627
8569
177
3947
4405
5826
6648
1281
1381
2649
5536
5108
1989
2820
4650
2970
5518
5279
5734
1801
8262
135
107
9494
9128
4733
6136
8850
3868
221
6364
7966
9354
9439
2725
2503
4602
6463
7678
3826
4152
7470
46
665
7779
3078
8976
7787
1452
3313
8313
4264
8325
7872
5533
2817
5530
2938
6596
2007
5977
5689
1291
5540
6572
5247
1750
2751
6222
7518
2459
7119
6626
5185
8476
1764
3371
8343
4625
1379
4648
4600
44
3243
946
3126
6248
2632
2186
54
7602
4615
3899
3245
4862
8094
5164
6525
4765
1520
2743
7793
9999
3014
2840
948
1425
5636
1630
6804
4353
3767
1307
5418
5112
7501
6752
5883
8422
1457
9451
9700
7655
5898
6198
3128
2046
4247
4062
1771
5624
2850
2703
1719
6250
9562
7187
3801
3718
2789
6130
2884
8592
1019
2634
6259
6674
6103
1114
8923
2188
9762
8825
2345
4129
6341
1928
695
3669
9270
6295
1581
6897
7863
1604
4882
56
6313
1557
4300
6211
6157
2928
4017
7604
9360
6301
4596
2785
4617
3901
3247
3627
3155
9657
8887
3064
4442
4864
4328
792
7838
7942
8795
856
1250
1420
601
8711
5764
2113
4963
545
3599
9337
1080
3441
9610
2737
8096
2767
781
5213
9829
6713
1127
6494
2438
9425
892
4791
3817
1934
1449
1077
357
5815
4088
573
371
9593
3929
3793
9802
5166
160
5180
6527
6839
9371
2104
8128
6051
2442
7935
8398
606
1701
7326
8168
1983
9639
4112
2941
9081
8151
6990
6218
8084
2918
2682
7114
360
7454
3291
6323
907
4852
6850
652
2067
1088
7597
8906
8612
3562
256
410
4231
2213
7647
3317
4869
2552
7925
348
2537
3755
3530
4006
9472
7582
5322
3350
1210
6599
4767
5960
1522
2745
958
9918
2040
7042
2491
8031
2159
2707
7076
7298
7795
9911
9733
7465
6123
10001
1738
4029
5988
4469
3785
9060
9742
168
2165
1562
5577
3576
1993
5683
5818
2355
925
1189
5614
1443
201
6773
1149
7663
9537
5119
774
9849
8578
3262
6814
9011
4450
3021
5409
879
7311
7722
8216
2828
4413
8659
5524
4837
9769
9028
8066
3164
7070
9794
9774
1827
2951
6577
4293
8990
2845
3016
147
7176
1347
2900
3035
1257
8392
3556
9194
662
8322
8792
1085
955
5985
9739
2842
1659
2477
9429
4091
4122
9319
7369
9161
5971
645
6965
2698
950
3054
6113
6512
5808
9896
2010
2193
1427
6092
3514
5297
3542
2143
7957
2303
5019
8846
3239
2100
7294
2226
7554
6484
8667
5638
1330
8882
8805
1723
1632
7338
1779
2731
1300
5
5952
4340
4658
3992
6806
4022
7810
3283
3883
7986
7440
1662
4355
300
7196
9648
677
1215
8716
6164
1693
5980
9077
2824
3769
3847
232
9686
6728
7094
102
1309
5223
282
4898
5420
9810
9978
5692
250
8077
3211
3773
5114
5032
6268
976
576
4214
7545
4982
8317
9179
5856
8646
2380
3446
1142
141
6862
1910
2282
3519
5620
2678
5701
7771
9903
896
2468
9184
540
5435
7503
8530
8374
374
6254
8633
9596
6608
2559
6278
5302
8862
212
2485
971
1807
5348
8275
5473
3733
1351
5508
6943
932
6754
1294
4974
5885
6748
6119
7767
9098
2859
2544
5091
266
8054
8784
6377
4261
2004
3152
354
5968
9379
5310
3746
4952
7824
9289
5850
4333
2031
9239
8424
5750
6518
7286
5716
7407
9519
3932
5356
1459
8338
3796
9118
4164
4909
8207
5099
5342
2095
4904
7909
6893
2763
5176
7916
6656
9805
9102
4181
7218
9382
752
3890
9453
5364
325
716
4998
9146
2609
9702
1869
472
5769
7657
802
9479
2603
3200
5900
562
7235
7733
6200
8090
3836
2230
3130
7534
2048
8415
3179
7019
8115
4723
5313
7801
3749
9208
3547
4249
6171
4955
7714
4698
8145
5649
2053
7827
505
1391
1433
4738
5289
8689
4064
2148
4621
4994
6448
1773
5440
9278
72
2371
762
6920
5626
2513
7434
2480
5671
2153
2132
7392
4795
6958
2964
466
2402
521
9780
6359
2852
5543
5794
8606
3115
4311
2121
3366
7920
6087
6452
9107
5705
2084
319
8409
2241
5729
4118
4694
5169
7755
7738
4482
9292
82
2568
914
1278
5244
6623
789
7451
6320
8802
5853
6917
6689
553
9432
1316
3954
12
7614
163
2508
4075
8812
488
7676
5183
3124
9997
3765
8420
6128
1017
5762
1447
3791
7324
4004
8029
2705
4027
7720
9767
9792
1825
6575
2898
9894
2141
2301
3237
1721
1777
5950
4338
7808
9075
1908
6252
5506
4972
7765
2857
5714
5097
7914
8088
7532
2400
519
5792
8407
2139
2299
4336
5504
6883
5447
6885
3620
339
9564
1651
1132
3027
7189
9628
7496
8820
742
2904
6547
5131
4171
4771
3692
4511
5250
8350
4285
3494
5334
2412
10006
3803
2622
6040
6786
6192
9712
4094
3720
7398
2034
993
4847
3878
2791
8448
6132
7962
484
6431
6692
8598
3987
2449
1094
5676
3862
4754
6977
494
8288
3337
5861
4547
9242
195
4922
3678
1529
8136
416
8899
1730
6701
8675
6506
2812
9033
556
5924
808
9575
9756
587
5449
9435
2721
4125
8842
4654
6724
6274
1865
9788
5330
8838
3840
8490
3400
5161
4244
157
771
3259
6265
2760
5173
8026
154
6530
3184
2219
6018
2308
2863
2886
4388
9113
4070
3851
6477
7257
4364
3905
9322
205
1674
5402
8830
1287
5964
7729
6533
8041
5156
4831
6887
7011
8507
7163
8427
2591
9615
2234
5267
6388
2643
3622
747
4046
5055
7384
341
6009
5753
1396
1753
8198
9726
8731
7372
9566
9219
9258
1319
2454
395
7775
2091
8403
8594
706
6910
381
2714
1820
1501
5774
3187
1812
8308
314
736
5045
6682
611
7490
6024
5459
3957
1021
2636
1653
1134
7000
1040
9164
1047
593
8628
6521
6153
2222
5285
6261
8700
833
3409
4665
1623
4678
9720
6676
3611
5383
3299
8191
5936
3967
6105
1688
7609
9511
1116
618
3029
6842
2247
7191
8925
4891
9630
710
8937
3569
7631
7224
2350
7289
8385
8514
5974
5415
7498
8822
9590
6987
8389
2190
537
9764
5444
3491
8827
744
2347
4131
8562
4538
3268
7558
6288
6435
1887
4134
2906
5375
2796
3914
6549
6343
8996
8248
6415
1930
5133
5481
1237
2754
8360
4173
5143
9886
4928
4773
3694
4195
4268
697
9388
3251
5876
4037
236
7033
4513
15
5148
5588
4101
7620
5719
3631
5252
1845
8352
9172
7759
6537
4287
6777
3496
7056
3671
4584
2654
9272
7460
9374
8965
2524
8565
6297
3925
9907
3279
7380
4541
8542
5666
3039
4555
6971
9502
4817
1056
2982
3095
2276
5336
5137
2427
1711
6225
9041
2414
9365
8228
10008
4563
365
6354
9838
6499
3502
3805
4824
3159
8329
2548
7953
4240
3607
2624
9939
3271
1583
6042
2107
3779
9690
6899
7426
2877
3358
428
125
1645
7865
8131
7410
9016
28
5024
9282
6488
9945
1606
5485
2326
9661
7858
3195
4884
6788
1202
1231
1366
76
6054
6407
9522
4205
58
3856
6315
3486
2628
6194
648
1
6604
4843
2445
4384
8558
7332
1716
1111
1601
2925
1559
3844
99
8051
5353
799
7752
6914
9891
9625
8835
8487
4361
6021
7617
1363
3589
9402
7742
1153
292
2311
2866
9714
7571
7048
385
9930
8258
3742
6473
5263
8554
7703
2200
722
2889
2267
8442
8453
7510
8704
2292
627
6187
2977
9549
7992
689
3935
8366
9823
7521
3821
4096
3005
4302
6205
7206
1099
7707
6335
1897
1613
20
4144
8757
900
2472
4784
3010
7938
4108
9533
8334
3482
9926
6178
3472
6213
8654
7904
7899
1921
1161
8868
4391
3998
8157
4486
1261
6242
5655
3722
8494
8536
5583
5207
1070
4186
5548
7400
1682
6159
8970
7561
3230
5011
3683
5567
6443
2036
4750
995
1833
5359
8460
2930
8435
5429
5067
1462
4607
3592
5944
5598
8956
6708
9467
479
3044
8749
1969
9405
3380
7577
9751
8520
837
3206
6291
5455
4534
4570
4849
5574
922
8987
9191
4019
3880
6859
4258
5646
7673
1526
2718
7606
2793
8962
6968
9362
4560
7423
7855
8450
2974
8651
5008
7670
7667
4576
9856
6303
9303
5106
6134
7964
2749
8341
4598
42
944
52
1628
7653
2701
3799
2787
1926
3062
4440
1248
4789
571
8126
8396
2065
3560
166
6812
5522
953
7367
7336
675
2557
3731
5748
9116
4179
7017
9206
4619
2511
1314
4073
486
5095
2398
337
8286
4545
4920
6699
152
7255
3903
7009
7161
393
8401
609
7488
5283
6433
3249
3629
5664
8226
3157
9943
9659
3854
9623
6471
6441
8518
7421
4574
8239
3134
6694
3417
8465
4527
8889
3066
6566
1171
815
1543
4078
1704
7930
8600
8743
6870
2462
8241
270
1473
3136
7181
8815
5397
9296
7122
5838
4444
7745
6995
3057
1166
6480
4307
8671
7895
5642
1486
8920
3438
3814
2915
7111
4866
3989
9683
4979
6745
6116
5847
4330
8112
6955
5501
4508
5153
2451
2874
1199
7329
2922
289
1096
2062
6696
6438
1470
1483
3435
3419
6738
8467
7275
1890
86
9227
1791
9603
5678
2572
3864
4761
7643
7282
7231
2288
7876
794
2582
4744
6732
8873
7840
4137
6235
2909
7944
2375
8797
1156
4529
4756
1241
3524
6979
8058
1977
8682
4519
5236
8175
1010
5085
7142
8891
858
8726
4579
1743
9155
9859
8185
9051
9554
6629
1513
6230
8788
3275
5188
2392
423
7260
496
9541
1490
2204
865
451
4988
8290
6069
3339
4803
7265
4424
8479
1252
7349
6306
7693
4225
3068
295
4718
5378
4812
6568
9315
5872
9935
7567
918
4254
5126
766
5931
1938
5605
9347
9198
6381
5863
1173
3422
3457
4549
5738
4367
4683
3908
7885
2317
817
7062
1545
9244
848
4080
3664
1706
1767
1185
197
9007
2367
4924
6741
8171
1986
1422
7932
603
8713
6515
9516
5766
491
733
8697
8551
5204
3680
3377
9188
8123
5123
2314
3374
2686
4636
6638
8267
8470
9325
6950
5811
8602
6879
6036
1917
8745
7278
4396
9306
4400
8045
9121
2529
6872
2804
6395
9642
6402
2869
2799
5073
3917
1531
9990
6552
6765
7103
5890
5998
962
7024
8138
1121
2577
418
9310
7098
1587
3104
2689
2115
7482
4457
3582
6346
6660
3709
188
4639
3404
2464
1893
8901
8243
3643
1945
89
726
6559
6924
9091
9969
4673
5593
4915
3466
6641
4056
5630
1732
4712
999
1837
4965
400
7815
9899
7447
4167
8346
9922
5744
3413
8916
2013
547
3601
6046
640
4628
8767
8570
7538
178
9339
6834
3049
6703
1639
9230
1794
272
3948
1064
4406
5827
6649
2668
1475
1963
3509
2893
1282
8677
1382
5228
8930
2517
7685
1334
3138
8270
7183
4465
6508
501
6427
2650
2196
2814
5537
8473
5109
1578
2210
1990
1082
2821
3443
1388
1430
6084
4115
3121
5711
8817
3689
4651
5399
9612
9717
9883
7574
2971
5519
5280
5735
4633
4912
9035
1802
7890
4051
2739
7982
558
940
8263
5994
7478
136
8098
2496
6060
9395
9446
5926
108
8999
7997
9140
2017
7132
1341
7051
9298
810
5192
9495
7124
9577
9129
8251
6141
5840
1903
9758
208
3148
4734
4669
4708
6137
5786
8982
8851
3869
1506
8210
2944
7976
222
2271
2990
1854
6365
7967
2769
4933
9355
388
8546
9440
113
9865
6147
5912
3089
2726
6182
1677
7880
4446
2504
2587
623
4603
6464
7747
7679
3827
783
4153
2258
7471
4778
47
5215
6418
666
7780
6095
8638
3079
3388
3476
8525
8977
3330
9068
9084
9831
5799
6715
9328
3941
7788
1453
9606
5405
589
3226
5451
5102
3314
8314
5345
1129
6783
8038
6997
4265
9038
6496
8326
8754
8154
5426
3059
334
6468
1168
7873
5534
2818
9492
9437
2723
5531
1748
2838
2044
6101
4127
1555
2440
2939
6597
5681
7068
3554
9427
2008
3540
8844
2098
7552
6482
4656
7438
5978
6726
5690
8644
3517
894
6276
5300
1805
6941
1292
264
4950
9237
4162
4907
1867
3545
2146
4793
5541
4309
551
8810
9790
6573
7912
5790
5248
5332
8446
7960
8673
8840
2758
2306
1751
6908
2752
6223
3605
26
5022
2324
3842
8833
1361
7046
7508
8364
7519
3819
7897
8492
8458
8433
8954
5644
1246
4177
2396
9621
2460
7120
6993
7893
8110
6953
287
9601
6627
5186
1488
4801
8477
9933
1936
1765
3372
2575
4455
3402
1943
4054
8344
4626
4404
1380
4649
5278
8261
106
8849
3867
4601
6462
4151
45
8975
1451
1290
6221
7118
4647
3242
4614
3898
3244
4861
5163
4764
2742
947
5635
1306
5897
3127
4246
6249
9561
3717
2633
8922
2187
2344
6896
55
6210
7603
4595
2784
4616
3900
3246
8886
4863
2112
544
1079
3440
8095
2766
5212
3816
1933
1076
5814
9801
5165
159
5179
6526
2103
6050
6217
2917
7113
359
8905
8611
7646
4868
3529
5321
4766
5959
1521
2744
9917
2158
7297
7794
10000
1737
3784
5817
6772
7662
773
3261
878
4412
8658
4836
8065
4292
3015
7175
3034
2841
4090
9160
644
2697
949
6112
1426
5637
1631
3991
6805
7985
4354
3768
9685
1308
5222
5419
9809
8076
5113
6267
575
4981
140
2677
7502
373
9595
2484
970
6753
5884
6747
6118
9097
2543
353
5967
3745
7823
5849
4332
8423
7285
3931
1458
3795
4903
7908
6892
2762
5175
9804
9452
5363
9701
7656
9478
5899
561
7234
7732
6199
2229
3129
2047
3178
8114
4248
2052
8688
4063
4993
1772
5439
71
5625
5670
6957
2851
8605
7919
9106
2240
5168
1277
6622
11
162
5182
9996
8419
5761
7323
4003
8028
2704
1824
1720
6251
8087
5503
6882
9563
3026
7188
741
5130
4510
2411
3802
6039
3719
992
2790
6131
5675
6976
1729
807
1864
9787
5160
156
770
6529
3183
2885
6476
6532
5155
8506
5266
9725
9257
2453
8593
2713
1500
3186
6681
1020
2635
2221
6260
6675
5935
6104
1115
6841
8924
7223
5414
9589
6986
2189
536
9763
8826
2346
4130
7557
6342
8247
1929
4194
696
9387
5147
9171
6536
3670
9271
7459
9373
6296
4554
5136
364
6353
9837
4239
1582
2106
6898
2876
427
1644
7864
8130
6487
1605
5484
4883
1201
6053
4204
57
6314
2444
8557
7331
2924
1558
8050
798
7751
9890
4360
6020
291
2310
2865
7702
721
2888
2266
2291
9548
4301
1098
7706
6334
7937
6177
6212
7903
1920
4390
8535
4185
6158
2929
3043
8748
8986
4018
7605
9361
4559
7854
9855
6302
4597
943
1627
2786
1925
4439
2064
9115
7016
9205
4618
1313
4072
6698
3902
8400
608
3248
3628
3156
9658
3853
6440
8464
8888
3065
6565
1703
1472
4443
1165
6479
8670
5641
1485
3437
7110
4865
5846
4329
7328
2921
7281
793
8872
7839
7943
8796
1240
5235
5084
857
9154
9050
2391
7259
2203
7264
1251
7348
4224
4717
7566
3421
4366
4682
3907
9006
6740
8170
1985
1421
602
8712
5765
5203
2685
8266
8469
9324
7277
4395
4399
8044
9641
6401
6764
5997
7023
9309
2114
7481
3581
6659
3708
1892
88
725
6558
3465
4964
5743
8915
546
3600
9338
9229
1793
1063
3508
2892
5227
7684
1333
4464
500
6426
1081
3442
1387
4114
9611
4632
2738
939
8097
2495
9394
7131
1340
207
1505
2943
2270
2989
1853
2768
4932
1676
7879
2586
782
4777
5214
3329
9067
9083
9830
6714
9605
5404
1128
6782
8037
6495
8153
5425
2837
2439
5680
9426
3539
893
9236
4161
4792
8809
8445
2757
2323
8832
1360
7507
8363
3818
8457
4176
6992
8109
286
1935
2574
1942
4403
3866
4150
1450
1289
6220
7117
4646
4860
4763
4594
8885
2111
1078
1075
358
7645
5320
2157
3783
5816
6771
877
4835
7174
4089
9808
574
139
372
9594
2542
5966
7822
7284
3930
3794
4902
6891
9803
7233
7731
70
9105
5167
161
5181
4002
8086
6975
1728
1863
5159
6528
8505
9724
9256
1499
6680
6840
7222
9386
5146
6535
7458
9372
363
4238
2105
8129
6052
4203
2443
8049
797
9889
7701
2290
7936
6176
8534
4184
7015
8399
607
1702
7109
7327
2920
2390
4223
8169
1984
5202
2684
8043
9640
7683
4463
6425
4113
2942
1852
4931
7878
2585
4776
3328
9066
9082
8036
8152
5424
9235
8808
2322
8456
6991
6219
7116
4834
6890
8085
1727
1862
5158
9255
1498
7221
9385
7457
362
8048
796
7014
2919
5201
2683
2584
8035
7115
4833
6889
1726
1497
7456
361
7013
7455
3292
8509
2385
8101
244
8855
7165
6324
442
908
4853
7588
6851
653
2068
3293
9461
1089
2499
7598
8510
9529
4746
6734
2363
1635
8429
7850
66
2386
8907
1953
8613
8102
3563
257
2593
245
411
3697
8856
4232
8875
7341
7842
3615
2214
4139
7648
4198
7166
3318
6325
4870
9814
1782
443
460
909
6237
2553
7926
2911
1181
9617
349
2236
2538
5197
5387
7946
3756
755
4854
3531
5269
5609
6390
4007
827
3647
8736
7589
7513
5050
9473
7583
5323
3351
5391
3655
6932
6852
654
8017
2069
1224
3294
9462
2645
9124
3309
1211
1090
6600
132
9351
2500
1376
7599
4350
3624
2734
778
3288
2377
749
8799
2136
4768
5961
8511
7950
9530
1158
4747
4531
1523
2746
1540
9680
6735
4758
5869
2364
959
9919
1636
4048
9489
2041
7043
8430
1243
1303
3526
8
9545
7851
2492
7171
67
2387
8032
1494
2333
530
5057
2532
2160
7638
3893
2708
6981
9873
8771
7088
8908
1954
7077
7354
8614
884
7299
8103
7796
3564
9912
8060
8161
4271
1004
7386
258
2594
305
343
9734
7466
1979
8574
246
6124
6543
10002
412
1739
6875
8684
1949
3698
4320
6011
4030
4521
9982
8857
9506
5989
4233
9694
8876
3303
4470
5755
7342
5238
3786
9061
9743
6063
3702
7843
169
1398
2166
8177
9962
1563
1012
2807
5578
2934
8707
5087
2295
3616
2215
9398
4140
7649
5955
3174
3577
4199
7167
3319
700
6078
630
1755
6326
4871
1994
5684
3831
3873
8200
1028
4343
2076
5819
9815
1783
2356
926
8280
9728
9214
9456
6613
2336
7144
1190
444
8893
93
5615
461
4477
860
4324
910
6238
7542
4691
1444
202
6006
8728
6774
4581
4821
122
1150
8439
7664
2554
7418
7927
2912
2059
1510
9538
1182
5120
1745
8951
9618
9157
350
2237
533
4191
9202
6398
1060
9391
2986
2539
5198
8733
5388
775
7947
9959
7415
3757
7374
6903
9850
3975
756
6587
8579
9568
9221
2959
3254
3263
4855
7316
5906
6815
5367
3532
5270
512
5078
182
5879
5610
7307
4661
9012
4504
6391
9861
4451
3022
5410
880
7312
8378
4490
9416
7723
4008
4040
828
3648
8217
8295
8737
328
9260
7247
8071
239
2829
7036
4414
1321
7590
5465
8660
5525
3760
4838
7514
9770
9029
5051
8187
9474
6618
7584
9412
8067
5324
3352
5060
3165
9053
7071
5392
9556
4372
6631
3656
6933
6853
9795
6827
1515
9775
1828
3323
2952
6667
655
8018
6578
4294
2070
1225
7213
8991
2846
3017
7430
3295
9463
148
7177
2646
9125
3310
2456
9025
9645
1212
9975
1348
2901
1091
6015
6385
8195
8382
4034
7377
3036
6601
3995
1258
39
8393
3557
6809
3432
6232
4516
4809
9195
730
397
133
9352
2501
663
7777
8323
1377
7600
4351
9449
6311
3625
8793
2735
779
9423
8166
9637
3289
1086
408
2535
956
5986
9740
2163
8214
2843
8790
1660
4896
2378
5433
8372
8205
2093
750
3888
2478
2566
8800
9430
4025
3235
8405
2137
4769
4283
6190
4092
7396
8596
4123
5328
3398
9320
5962
7370
704
8306
9162
708
8512
5972
3277
2980
7951
3356
6405
646
6912
383
18
4106
9531
1159
4748
4532
1524
2716
6966
2747
2699
951
4525
1541
6868
3055
9681
6114
5151
2872
1468
6736
4759
7641
1975
9552
5870
5929
3662
2365
6513
5809
6034
2802
5071
9988
960
5591
7813
9897
9920
2011
1637
2666
2194
2208
1428
6082
4049
7995
5190
111
6093
9490
2042
1553
3515
5298
3543
2144
7958
2304
6906
5020
7044
8431
1244
2394
4799
8847
3240
3896
1304
2101
3527
7295
5220
2227
9
1822
2711
9587
6984
7555
425
6485
719
9546
7852
9853
6563
8668
5639
7262
9004
1331
498
2493
1503
8883
7172
68
2388
6423
8806
8033
1724
1495
1633
7339
1780
3653
1374
2732
3286
5867
1301
6
9543
1492
528
4318
5953
4341
2334
8949
531
3973
5076
4659
7245
5058
7211
3993
6807
2533
2161
3886
4023
4104
1466
7639
9986
7811
2206
1551
3894
2709
6982
9002
3284
3884
9874
1104
8772
3978
5001
7089
3920
7987
822
5776
2999
7441
634
8909
1955
7078
3189
867
7355
8615
885
9876
7300
8104
1663
5493
4494
4377
1106
7797
3565
9913
8061
4356
1177
301
6074
8162
9583
4272
7197
453
9649
1005
7623
1875
1814
678
4430
1216
5722
7387
8234
259
9149
8717
8774
1271
1534
2595
1412
8000
3980
6165
3634
1694
306
5003
344
5981
9735
1036
8119
7467
8310
2881
692
1980
9078
9846
8575
2825
6962
7091
247
3770
9143
759
316
6125
6544
10003
413
3848
378
1620
233
3922
9687
7989
7203
5661
6729
1740
6876
7095
3145
3938
103
8685
4990
9993
738
1310
6555
5224
283
6768
4899
7698
7106
5421
1950
9811
824
5047
9979
3699
4321
8292
6012
4031
8369
8303
4522
9983
6071
1268
1265
5693
251
3341
5778
8078
3212
5255
1438
6684
613
3774
5115
8858
3362
7492
9507
3001
7443
636
5990
8911
4234
1848
6928
9021
4805
5033
7267
9695
8877
6269
6457
3304
4941
432
6026
4471
977
1592
577
4215
8010
6590
8355
5756
7343
4727
1957
7546
7080
8582
1759
5239
4983
3099
8318
9175
9180
3787
5857
3191
8647
4946
5893
9062
2381
5461
2995
4426
9744
2612
3959
869
6064
3703
1023
6001
7357
8617
8481
7844
3426
3447
170
9705
1143
887
142
9878
7302
6863
1399
2020
2167
8178
9963
1564
9669
1911
2638
2283
1655
278
1013
2808
9571
2423
5579
3520
2935
5621
8708
4960
9826
2679
3347
1254
1139
5088
5702
7762
2296
3617
584
2216
7772
9904
9399
3739
4141
897
2469
5064
7650
568
3728
7006
9224
9185
4611
541
5956
3175
5436
3578
7504
8106
5317
4200
8531
1859
129
7168
7351
6540
4688
119
8375
3320
6308
9420
701
6079
631
1872
1033
375
7695
1756
1136
5696
965
6327
4276
4872
1995
7524
2433
7362
5685
6255
3832
3874
5940
475
8634
9597
6609
8201
7002
1029
7027
4344
2560
6795
6279
1665
5037
1042
5303
8943
2077
5820
8622
2026
8863
9166
9816
213
1049
1784
5495
2357
7135
2486
927
8281
4227
9729
972
8141
9215
1808
5349
7271
9457
8276
6614
5554
1404
5474
2337
595
3734
4496
7145
1191
445
5558
4379
1352
5509
6944
3070
933
6755
1295
8894
94
5616
462
4478
4975
8722
861
5886
6749
4325
3596
1124
6120
2948
1344
5016
297
7768
8630
9099
4720
911
7805
2860
5380
4814
2545
1108
6239
5564
9748
5092
267
8055
8785
6378
2968
1799
219
3824
4262
2005
6570
6246
6523
6802
9268
6155
4015
3153
355
254
3753
9317
5969
2224
7543
2280
5699
5340
9380
470
2601
5311
7799
3747
4953
7825
5287
2130
2962
4692
9290
787
5851
1445
5948
4334
1649
2032
9240
5922
3257
6263
203
7727
8425
6007
5751
8729
5772
6519
4889
3567
7287
3266
5141
5874
7031
4099
5717
6775
7054
4582
9500
4822
9937
123
7408
9520
1151
7569
8440
8702
687
3933
9821
3008
5357
1460
835
920
4256
7665
9301
8339
3797
2555
8224
7419
813
7928
4305
2913
2060
2580
1511
421
9539
9313
1183
5121
9119
7101
4165
3411
4910
7980
4667
8208
5100
5343
1746
2096
6939
4905
7910
8952
9619
3715
6894
6208
2764
5177
9915
7660
8063
4290
9158
968
9095
351
7917
2238
7321
5128
805
768
5933
534
4192
4358
6332
1625
9203
5233
4680
6399
6657
1061
9392
7129
2987
6780
1940
4858
9806
2540
9103
9722
6678
4182
7219
9383
5199
3613
1179
5195
5385
753
5607
8734
5389
1222
9349
4348
776
7948
3891
303
3301
9960
6076
9212
9454
7416
9200
2957
5365
326
3758
9973
6383
8193
7375
8164
2564
4281
6904
9585
717
9851
5865
3971
7209
1102
3976
4999
5491
1175
9147
757
7201
5659
1590
8008
6588
8580
2610
3424
9703
9569
3726
9222
1870
4274
2431
5938
473
6793
9266
2960
3255
5770
3264
9498
685
8222
7658
7319
803
6330
7127
4856
4279
3969
7199
7317
9480
226
2604
3201
5907
6107
2406
455
3169
5901
3218
3459
6816
5368
9482
2616
3533
3107
5271
9651
513
842
2692
5079
563
7236
6371
4875
183
228
7710
7734
6201
9343
2183
8091
5880
6338
6847
1207
5611
7308
5805
1690
2606
2118
7611
6721
3837
2231
4662
7628
3499
9013
3203
7485
3131
4505
1007
5602
7059
9513
6392
1118
3640
7535
1900
9862
5909
620
3223
3551
4452
3031
6109
2049
8416
3023
2408
3180
5411
4551
7020
5740
2834
4460
457
881
3171
7313
5903
4501
4369
8379
525
4491
9580
8116
8300
4724
3344
5314
4685
9417
7802
6799
4012
3750
7724
9209
6844
7625
3220
3548
4009
1877
1880
2249
9132
1998
4041
5833
3674
1816
829
3910
3585
4250
6349
3461
4157
6172
6663
3649
4956
8218
8296
983
7715
8738
329
4699
6818
8146
7527
5370
5650
9484
2054
9261
680
4432
7828
506
4587
7248
6283
2618
1392
3963
1883
8072
2262
3535
873
240
1408
1616
1434
1218
2830
3109
7037
5724
4739
4415
5290
8690
1322
7591
4065
5781
5273
437
2657
2252
5466
8661
5526
9653
2149
3761
515
4839
8254
844
7515
4622
8081
9057
9771
7193
4995
9275
7389
6449
1774
9030
5052
8188
5441
5478
1842
9279
73
8236
2372
763
6921
5627
8927
2514
7887
7475
6144
7435
261
23
2341
2694
2481
9475
6619
5672
9784
5843
5081
9151
6761
1357
4147
2154
2319
7585
2133
9956
9413
8068
4893
7393
5325
3353
4796
819
9843
6959
5061
565
8719
2965
467
3712
2403
3166
3215
2180
522
9054
9781
7238
8776
1669
5258
6360
7072
6373
2853
191
5544
671
5393
5795
7064
9557
8607
1273
9046
4642
1536
7241
1547
4373
2419
2597
9952
6632
4877
3116
3657
6934
1414
33
8002
8498
9246
3982
6854
1573
9796
9632
6828
4312
8760
2122
850
8779
5514
3367
1516
903
7921
6088
712
6167
9776
5041
1829
3453
3324
6453
8939
2953
3636
6668
656
1696
9108
5706
8019
4082
6579
308
4295
3571
9135
987
7633
2071
2085
2777
320
8410
2242
1226
7226
5730
7214
8992
7869
2847
3666
2352
3018
4119
7291
5029
2001
4695
7431
5170
3296
7756
1708
1598
7739
4483
9464
5005
149
7178
9293
83
2569
915
185
1279
2647
9126
3311
5245
2457
6624
1769
6672
790
599
2436
7452
6321
346
7463
1187
1441
199
9009
9026
660
5983
9737
2475
8803
9646
1213
230
9976
5854
1349
9377
5308
9287
7712
2369
6918
3113
7736
6687
1906
4970
2902
6690
1092
3335
6504
554
9433
8024
6016
1672
6386
4044
8196
1317
3955
1038
3407
616
8935
8383
8387
4926
4035
13
2522
7378
8540
3037
3777
6602
7615
5261
6203
4782
3996
1259
8968
8960
40
4787
8394
3558
164
6810
7365
2509
8516
4076
8813
5836
3812
6743
3433
6233
4517
8173
4810
9345
9196
489
731
8121
6636
2527
398
8568
1988
134
4732
6363
9353
2502
7677
7469
664
7778
3077
7786
8312
8324
5976
5688
5184
1378
3125
2185
7601
8093
9998
3013
1424
4352
3766
5417
7500
5882
8421
9450
9699
6129
2883
1018
6258
9761
8824
6340
694
4881
6312
6300
3626
7941
8794
5763
9336
2736
780
6712
6493
9424
1448
9592
3928
3792
6838
9370
7934
605
1700
7325
8167
1982
9638
4111
9080
6989
3290
6849
1087
409
2536
4005
9471
1209
957
7041
8030
2706
7075
9910
4028
5987
9741
2164
5613
9536
5118
9848
8577
7310
7721
8215
2827
9768
9793
1826
6576
2844
2899
8391
8791
6964
3053
5807
9895
2192
2142
2302
3238
1329
8881
1722
1778
5951
4339
7809
3282
1661
8715
1692
9076
7093
4897
249
3772
4213
2379
1909
2467
539
5434
8373
6253
8861
211
5507
4973
7766
2858
6376
3151
6517
5715
9518
8337
8206
5098
2094
7915
6655
751
3889
9145
2608
5768
8089
3835
7533
4737
761
2479
2401
520
5793
2120
3365
318
8408
5728
2567
8801
9431
7613
6127
4026
7719
9766
2140
2300
3236
4337
5505
2856
8406
2138
5446
6884
7495
6546
4770
4284
3493
10005
6191
4093
7397
3877
483
8597
493
194
3677
8135
415
5448
4124
6723
6273
5329
3839
3399
9112
3850
9321
8829
5963
4830
6886
2233
3621
746
7383
340
7371
9565
2090
705
380
1819
8307
735
1652
1133
9163
1046
8699
832
4664
1622
4677
9510
3028
7190
9629
709
7630
2349
8513
5973
7497
8821
743
4133
2905
3913
6548
6414
5132
1236
4172
4772
3693
235
4512
5587
5251
8351
4286
3495
8564
3924
3278
4540
2981
2275
5335
2413
10007
3501
3804
7952
2623
3270
6041
9689
3357
9015
6787
6406
3485
6193
647
1715
6913
8486
3588
9713
384
9929
8553
7991
4095
3004
7205
1896
19
4107
9532
3471
1160
3721
5206
5547
7399
7560
3682
2035
4749
994
5943
5597
6707
478
3379
3205
6290
4533
4848
9190
3879
1525
2717
2792
6967
8449
6133
7963
2748
51
2700
8125
952
674
485
4544
4919
7487
6432
5663
3133
6693
4526
1542
8599
8742
6869
5396
3056
3988
9682
6115
4507
5152
2450
2873
1095
6437
1469
6737
1889
5677
3863
4760
7642
4743
6731
4136
2908
4755
6978
1976
1009
1742
9553
6229
495
8289
6068
3338
5377
5871
4253
5125
5930
5604
5862
4548
2316
7061
9243
3663
196
2366
4923
6514
9515
3679
3376
6949
5810
6878
6035
2803
6394
2798
5072
3916
1530
9989
6551
961
8137
1120
417
7097
2688
6345
4638
8900
3642
4672
5592
6640
1731
4711
7814
9898
7446
9921
2012
639
7537
6833
3048
6702
1638
2667
1962
8676
8269
6507
2195
2813
8472
2209
1429
6083
3120
5710
3688
9034
4050
557
5993
9445
5925
8998
7996
809
5191
9576
8250
6140
1902
9757
3147
7975
8545
112
9864
5911
3088
6181
622
6417
6094
8637
3387
3475
5798
9327
3940
588
3225
5450
8753
333
9491
9436
2722
2043
4126
1554
7067
3553
8843
7551
4655
6725
3516
6275
5299
1866
3544
2145
9789
5789
5331
7959
8839
2305
6907
5021
3841
7045
8491
8432
1245
2395
6952
9600
4800
4454
3401
105
8848
6461
3241
3897
5162
1305
4245
9560
5211
1932
5813
158
2102
6216
8904
8610
3528
7296
772
3260
8657
3033
6111
5221
6266
2676
7907
2761
5174
2228
2051
8687
4992
5669
8604
1276
10
9995
8418
8027
1823
6881
3025
740
2410
6038
155
3182
6531
2712
3185
2220
5413
9588
6985
7556
8246
4553
5135
6352
426
1643
6486
5483
6019
2309
2864
720
2887
9547
7902
1919
4389
3042
8747
8985
4558
7853
9854
1924
9114
1312
4071
3852
6564
1164
6478
8669
5640
7280
8871
1239
9049
7258
7263
4365
3906
9005
9323
4394
4398
7022
9308
3707
6557
3464
5742
8914
3507
5226
1332
499
2494
206
1504
1675
5403
2836
4160
2756
8831
8362
4175
285
4402
1288
4645
4593
8884
1074
6770
7173
5965
4901
7730
69
4001
6974
5145
6534
4237
9888
7700
6175
7108
2389
4222
8042
4462
6424
1851
4930
4775
5423
9234
8807
5157
9254
8047
8034
4832
6888
1725
1496
7012
8508
8854
7164
1634
8428
7849
1952
2592
3696
7340
4197
9813
1781
459
9616
2235
5268
6389
826
3646
5049
3654
6931
2644
9123
3308
1375
3623
2733
3287
748
1539
5868
4047
1302
7
9544
1493
529
5056
2531
883
8160
4270
7385
342
6874
1948
4319
6010
9981
9505
5754
3701
1397
2806
5954
3173
699
1754
3872
8199
1027
4342
9727
6612
2335
92
4323
6005
4820
1509
8950
532
4190
6397
1059
9390
2985
8732
7414
7373
3974
9567
9220
3253
7315
5905
5077
5878
4660
4503
4489
4039
8294
9259
7246
238
7035
1320
9411
5059
4371
6826
6666
7212
2455
9024
9644
6014
8381
4033
3994
6808
3431
4515
4808
729
396
7776
407
2534
2162
8213
8371
8204
2092
3887
4024
8404
8595
3397
8305
707
6404
6911
382
17
4105
2715
4524
5150
2871
1467
7640
1974
3661
6033
2801
9987
5590
7812
2665
2207
1552
3895
5219
1821
2710
6983
6562
9003
1502
6422
3652
3285
527
4317
5075
7244
3885
4103
9985
1550
3919
5775
3188
9875
4493
4376
1105
6073
9582
7622
1813
5721
8233
8773
1270
1533
3979
3633
5002
8118
8309
7090
315
3921
7988
9992
737
6554
6767
7105
823
5046
8302
1267
1264
5777
5254
6683
612
7491
3000
7442
635
8910
1847
6927
9020
6025
8354
4726
1956
7079
3098
9174
3190
4945
5892
5460
2994
3958
868
1022
6000
7356
8616
886
9877
7301
9668
2637
1654
277
2422
4959
3346
7761
583
3738
7005
8105
5316
1858
6539
4687
118
9419
1032
1135
5695
964
7361
7001
7026
1664
5036
1041
8621
2025
9165
1048
5494
8140
7270
5553
594
4495
4378
1123
2947
8629
7804
1107
1798
218
6245
6522
6801
6154
4014
253
3752
2223
2279
5339
2600
7798
5286
2129
5921
6262
7726
3566
5140
7030
8701
834
2579
420
9312
7100
3410
7979
4666
6938
9914
8062
4289
9094
4357
1624
4679
6779
9721
6677
3612
1178
5384
4347
302
3300
6075
9211
9972
8192
8163
2563
9584
5658
1589
3725
4273
2430
5937
8221
3968
7198
225
6106
454
3106
9650
2691
6370
6846
1689
2117
7610
7627
3498
7484
1006
7058
9512
1117
619
3222
3550
3030
4459
4500
8299
3343
6798
4011
6843
7624
1876
1879
2248
3673
1815
3584
6348
6662
679
4431
4586
6282
1882
1217
5723
5780
436
2656
2251
8080
7192
9274
7388
8235
8926
260
9150
9955
4892
8718
3711
3214
8775
1668
5257
190
670
1272
9045
4641
1535
2418
2596
9951
1413
32
8001
8497
3981
9631
711
6166
5040
3452
8938
3635
1695
307
3570
9134
986
7632
2776
7225
2351
7290
5028
2000
5004
345
7462
1440
5982
9736
9376
5307
9286
6686
8023
4043
1037
3406
615
8386
8539
3776
8967
8515
5835
8120
6635
2526
8567
7468
3076
7785
8311
5975
5416
7499
9698
2882
8823
693
4880
6299
9335
6492
9591
3927
9369
1981
9079
6988
9909
5117
9847
8576
2826
8390
6963
2191
8880
3281
7092
248
3771
4212
2466
538
8860
9144
760
3364
317
6126
7718
9765
5445
7494
6545
3492
10004
3676
414
6272
3849
8828
745
7382
379
1818
1045
831
1621
4676
9509
2348
4132
3912
6413
234
5586
8563
3923
4539
2274
3269
9688
1714
8485
3587
7990
3003
7204
1895
3470
7559
5596
6289
4543
4918
5662
8741
6436
1888
6730
4135
2907
1741
6228
5376
4252
6877
2797
3915
6550
7096
6344
7445
638
3119
5992
8997
8249
3146
7974
8544
6416
3939
332
104
6460
5210
1931
8903
2675
8686
4991
5668
9994
739
8245
5134
6351
5482
3041
4557
1311
1238
6556
3463
8913
5225
4159
2755
8361
4174
284
1073
6769
4900
6973
5144
4236
9887
7699
6174
7107
4221
1850
4929
4774
5422
9253
7848
1951
3695
4196
9812
825
3645
5048
6930
3307
4269
1947
9980
9504
3700
698
91
4322
4819
4189
1058
9389
2984
3252
5877
4038
8293
237
7034
6665
9023
6013
4032
3430
4514
4807
728
406
8370
3396
8304
16
4523
5149
1973
3660
5589
6561
3651
4102
9984
6072
7621
5720
8232
1269
3632
1266
5253
1846
6926
8353
3097
9173
4944
2993
276
4958
7760
1857
6538
5694
5035
7269
5552
252
2278
5338
2128
5139
6937
4288
9093
6778
9971
2429
8220
6369
3497
7057
8298
3342
3672
4585
5779
435
2655
8079
9273
3213
5256
9044
2417
9950
3451
985
7461
1439
9375
5306
6685
614
3775
8966
2525
8566
3075
7784
9697
6298
9334
3926
9368
9908
5116
8879
3280
8859
3363
7717
7493
6271
7381
4675
9508
1713
3002
3469
5595
4542
4917
8740
6227
7444
637
5991
7973
8543
331
6459
2674
5667
3040
4556
8912
6972
4235
1849
6929
3306
9503
4818
1057
2983
9022
4806
8231
3096
4943
5034
7268
5551
2277
5337
5138
2428
6368
434
9043
2416
9949
9696
9367
8878
6270
1712
3468
6226
7972
6458
3305
8230
4942
433
9042
2415
9366
7971
8229
7970
